,index,celebrity_age_during_season,elimination_order,score_sum,industry_Actor_Performer,industry_Influencer,industry_Model_Fashion,industry_Music,industry_Others,industry_Sports,industry_TV_Media,fame_1,fame_1.1,fame_1.2,fame_1.3,fame_1.4,season
16,16,54,3,20.0,1,0,0,0,0,0,0,79,122.28967770665166,189.3008262480598,293.03211432250754,453.6050989645331,3
17,17,42,4,32.33333333,1,0,0,0,0,0,0,157,260.3092600463528,431.5981583813991,715.5987085708954,1186.4775179504156,3
18,18,25,8,66.5,1,0,0,0,0,0,0,427,782.4753454857504,1433.8821224661442,2627.5817544790098,4815.030307091369,3
19,19,30,9,77.66666667,1,0,0,0,0,0,0,158,262.1336626162108,434.8990954214516,721.529700957608,1197.071032901246,3
20,20,32,10,89.55553333,1,0,0,0,0,0,0,424,776.4302409499065,1421.801695899833,2603.608097477578,4767.735996376512,3
21,21,37,11,85.88886667,0,0,0,0,0,1,0,438,804.6768766838691,1478.321634405721,2715.916062803169,4989.577293954343,3
22,22,31,2,13.33333333,0,0,1,0,0,0,0,228,392.39939733632775,675.338978201373,1162.2921405436412,2000.362874903836,3
23,23,25,5,40.66666667,0,0,0,1,0,0,0,897,1770.4011676284667,3494.225523233259,6896.522794079545,13611.607588868164,3
24,24,35,6,35.0,0,0,0,1,0,0,0,544,1021.312834714325,1917.4262984415604,3599.801632752106,6758.315459476661,3
25,25,62,7,47.66666667,0,0,0,0,0,0,1,431,790.5420892887222,1450.0157655150283,2659.625273252521,4878.296334668524,3
26,26,37,1,4.0,0,0,0,0,0,0,1,999,1993.06763619478,3976.294897344386,7932.957629493033,15826.747858505503,3
27,27,59,6,44.5,1,0,0,0,0,0,0,359,646.5526460728714,1164.4298722669391,2097.1175907534403,3776.8716641437327,4
28,28,42,8,72.83333333,1,0,0,0,0,0,0,145,238.5090169811638,392.32104262980016,645.3248704735096,1061.4882792422998,4
29,29,44,4,26.0,0,0,0,0,0,1,0,236,407.5709327080969,703.8731575785926,1215.5857599258486,2099.311109998552,4
30,30,29,9,87.4444,0,0,0,0,0,1,0,277,486.1023783738601,853.0524269340186,1497.006547329314,2627.0701916896,4
31,31,24,11,89.61106667,0,0,0,0,0,1,0,218,373.5099219707152,639.9525771127045,1096.4616382675429,1878.6206465742755,4
32,32,28,2,20.0,0,0,1,0,0,0,0,295,520.959806515326,919.9970169643578,1624.6829422116236,2869.133936350227,4
33,33,41,1,13.33333333,0,0,1,0,0,0,0,330,589.3392062915007,1052.486969916047,1879.6116226741503,3356.754005585037,4
34,34,39,5,44.33333333,0,0,1,0,0,0,0,1087,2187.018710207438,4400.230762463108,8853.161919721395,17812.35580766022,4
35,35,45,7,50.66666667,0,0,0,1,0,0,0,2199,4747.311750753082,10248.735270049228,22125.48493763632,47765.609202160544,4
36,36,30,10,89.22216667,0,0,0,1,0,0,0,452,833.0139575722277,1535.2041006861598,2829.306291136484,5214.273519388496,4
37,37,50,3,25.33333333,0,0,0,0,0,0,1,93,146.32928259906882,230.23934350492604,362.2662146360904,570.0016698664444,4
38,38,38,8,64.66666667,1,0,0,0,0,0,0,94,148.06098659843977,233.21335906918443,367.3382982097834,578.6007537056634,5
39,39,56,7,57.0,1,0,0,0,0,0,0,416,760.3309403180344,1389.671006742562,2539.92755598385,4642.272853319436,5
40,40,23,6,54.0,1,0,0,0,0,0,0,801,1563.132409454076,3050.415642304246,5952.813424209036,11616.773521616013,5
41,41,35,9,75.83333333,1,0,0,0,0,0,0,279,489.96451004573066,860.448821162554,1511.0730648040765,2653.663705519817,5
42,42,30,4,27.66666667,0,0,0,0,0,1,0,1603,3352.948435965044,7013.264637704566,14669.441483468794,30683.64371707882,5
43,43,29,1,5.333333333,0,0,1,0,0,0,0,461,851.2772317805615,1571.958623314479,2902.760488782499,5360.203716730482,5
44,44,22,2,14.0,0,0,1,0,0,0,0,49,72.31288491813308,106.7174147996562,157.49069663608591,232.42054329636488,5
45,45,32,12,88.8333,0,0,0,0,0,1,0,30,42.15347479450939,59.23051457504459,83.22573344016544,116.94179522748564,5
46,46,32,11,90.77773333,0,0,0,1,0,0,0,1039,2081.0240644392275,4168.105059456358,8348.341609085253,16720.98150785918,5
47,47,65,3,17.33333333,0,0,0,1,0,0,0,333,595.2352698945144,1063.9790586378228,1901.855441833021,3399.553865525008,5
48,48,47,10,80.83333333,0,0,0,1,0,0,0,558,1050.2619189032223,1976.792290857128,3720.698323779039,7003.060503928621,5
49,49,49,5,34.0,0,0,0,0,0,0,1,1405,2900.3069057518974,5987.032133489062,12358.883019015548,25512.13791276199,5
50,50,34,10,82.5,1,0,0,0,0,0,0,173,289.6347811475164,484.903505493466,811.8203508165523,1359.1410961841148,6
51,51,49,3,18.33333333,1,0,0,0,0,0,0,662,1267.487801721556,2426.7754192038374,4646.387071538639,8896.13132213287,6
52,52,62,5,38.0,1,0,0,0,0,0,0,634,1208.6433967144849,2304.130694671175,4392.543137667941,8373.84583300611,6
53,53,42,6,44.66666667,1,0,0,0,0,0,0,417,762.3416722566456,1393.680636112849,2547.867689990347,4657.903394426656,6
54,54,34,7,56.5,1,0,0,0,0,0,0,780,1518.1128731073898,2954.7008916594496,5750.730076679607,11192.637639965573,6
55,55,35,9,69.66666667,1,0,0,0,0,0,0,223,382.94407054404513,657.6061038782173,1129.266180420335,1939.218779631788,6
56,56,33,11,87.16666667,0,0,0,0,0,1,0,650,1242.2376628991433,2374.0837094232666,4537.194151878288,8671.189937459903,6
57,57,36,12,94.0,0,0,0,0,0,1,0,643,1227.5298740220674,2343.4363788750084,4473.776303171336,8540.737265684,6
58,58,34,2,10.0,0,0,0,0,0,1,0,1026,2052.4004294359647,4105.6018740242935,8212.806090975206,16428.817493169387,6
59,59,53,1,11.0,1,0,0,0,0,0,0,729,1409.2897107552558,2724.4135649391355,5266.787386708875,10181.658810458668,6
60,60,43,4,24.66666667,0,0,0,0,0,0,1,1307,2678.570899937734,5489.473654164675,11250.148726870968,23056.098699133952,6
61,61,21,8,67.33333333,0,0,0,1,0,0,0,1804,3818.213303870096,8081.34857752249,17104.386170680737,36201.881835601314,6
62,62,50,2,6.166666667,1,0,0,0,0,0,0,237,409.4710297005938,707.4536884559678,1222.286034926364,2111.775195400648,7
63,63,82,7,35.0,1,0,0,0,0,0,0,555,1044.0523648855617,1964.0456587804188,3694.714441068319,6950.406035629206,7
64,64,61,8,51.16666667,1,0,0,0,0,0,0,438,804.6768766838691,1478.321634405721,2715.916062803169,4989.577293954343,7
65,65,18,10,68.5,1,0,0,0,0,0,0,1832,3883.452667793481,8232.098593336397,17450.308539209167,36990.96465633793,7
66,66,31,4,14.0,0,0,0,0,0,1,0,661,1265.381863308776,2422.377095296199,4637.264814648116,8877.323436937442,7
67,67,34,9,59.83333333,0,0,0,0,0,1,0,349,626.7696660841233,1125.6166599518706,2021.496785377536,3630.4093557627657,7
68,68,35,12,80.83333333,0,0,0,0,0,1,0,732,1415.670522540605,2737.8729896043524,5294.9809915888,10240.366813121687,7
69,69,43,1,4.0,1,0,0,0,0,0,0,0,0.0,0.0,0.0,0.0,7
70,70,40,6,37.16666667,0,0,0,1,0,0,0,1944,4145.394688915344,8839.65901588864,18849.73021413961,40195.25283805622,7
71,71,29,11,81.16666667,0,0,0,1,0,0,0,2675,5889.1981229465655,12965.478329464408,28544.400239620994,62842.477873574266,7
72,72,27,3,11.83333333,0,0,0,0,0,0,1,2719,5995.841287220471,13221.814174894287,29156.27043831852,64294.36192550039,7
73,73,41,5,23.83333333,0,0,0,0,0,0,1,140,229.47788538288188,376.14357056999296,616.5473655340627,1010.5998977224518,7
74,74,37,13,89.83333333,0,0,0,0,0,0,1,754,1462.542450706336,2836.9103715094066,5502.787595731551,10673.820233392093,7
75,75,33,12,101.5,1,0,0,0,0,0,0,128,207.9366134671964,337.79402515786086,548.7480128185822,891.4437768152308,8
76,76,38,2,18.33333333,1,0,0,0,0,0,0,1215,2471.9171220879866,5029.114616026127,10231.732122055912,20816.45581985812,8
77,77,52,5,34.66666667,1,0,0,0,0,0,0,419,766.3645818399291,1401.7056618107126,2563.765091590042,4689.209456687848,8
78,78,50,7,46.0,0,0,0,0,0,1,0,1911,4068.0544362893374,8659.898951655332,18434.81964840338,39243.24953055003,8
79,79,39,10,72.66666667,0,0,0,0,0,1,0,243,420.88834623923736,728.9999999999998,1262.665038717712,2186.999999999999,8
80,80,17,13,97.0,0,0,0,0,0,1,0,1293,2647.027037712969,5418.98850609705,11093.74253108639,22711.087725608613,8
81,81,58,4,17.33333333,0,0,0,0,1,0,0,2458,5365.869007627938,11713.812126534573,25571.51401584547,55823.18736198064,8
82,82,50,1,11.66666667,0,0,0,1,0,0,0,1185,2404.862140660372,4880.474190364201,9904.52962774426,20100.445842034685,8
83,83,29,8,61.16666667,0,0,0,1,0,0,0,425,778.4448020585153,1425.8266114162827,2611.593680691087,4783.485943112563,8
84,84,34,9,76.66666667,0,0,0,1,0,0,0,4336,10018.396154754564,23147.66178819208,53483.03640460854,123573.39627779691,8
85,85,34,6,31.66666667,0,0,0,0,0,0,1,1684,3539.7802016914784,7440.643631999372,15640.286826836787,32875.996234211874,8
86,86,30,3,23.0,0,0,0,0,0,0,1,1205,2449.546858008038,4979.485319151072,10122.392214127518,20576.990907585936,8
87,87,26,11,97.83333333,0,0,0,0,0,0,1,381,690.2675752512897,1250.5756573314811,2265.700332426481,4104.828017611721,8
88,88,34,1,6.3333,1,0,0,0,0,0,0,69,105.37412947279287,160.92329220505667,245.75582359425687,375.3087822335369,9
89,89,45,5,20.0,1,0,0,0,0,0,0,264,461.0672972956314,805.2388357405224,1406.3230820922863,2456.096903730121,9
90,90,33,8,45.66663333,1,0,0,0,0,0,0,1220,2483.1091699576696,5053.95995895726,10286.503539906278,20936.484644871533,9
91,91,45,11,56.49993333,1,0,0,0,0,0,0,302,534.5737600208647,946.25531424783,1674.9776863483023,2964.8977474909257,9
92,92,39,6,25.0,0,0,0,0,0,1,0,3603,8172.043850133059,18535.19308589993,42040.080674065306,95352.03517390852,9
93,93,27,7,39.99993333,0,0,0,0,0,1,0,213,364.0973883561053,622.3798507405464,1063.8820573713408,1818.575955905281,9
94,94,21,9,42.6666,0,0,0,0,0,1,0,146,240.3190183677181,395.5700725289285,651.1165172999939,1071.7512484968609,9
95,95,43,10,45.1666,0,0,0,0,0,1,0,1154,2335.7501730832505,4727.667999184078,9569.021964795804,19368.1496624863,9
96,96,30,13,81.1666,0,0,1,0,0,0,0,615,1168.8603515534026,2221.5195470464096,4222.1888109649135,8024.632679527293,9
97,97,46,3,12.66663333,0,0,1,0,0,0,0,466,861.4389576254592,1592.4400809331262,2943.755200429258,5441.771269017813,9
98,98,62,4,17.66663333,0,0,0,0,1,0,0,3207,7189.668325381962,16118.28207951374,36135.04899490229,81009.98353438535,9
99,99,42,2,6.3333,0,0,0,1,0,0,0,822,1608.2701422844686,3146.633638155354,6156.492614298305,12045.381086095866,9
100,100,21,12,68.83323333,0,0,0,1,0,0,0,2433,5305.866515263482,11570.990332015705,25233.921147176163,55029.92900271305,9
101,101,29,15,94.77766667,0,0,0,1,0,0,0,4259,9822.870172631012,22655.266125466973,52251.64073183078,120512.11157918088,9
102,102,51,16,88.22206667,0,0,0,1,0,0,0,982,1955.791870365994,3895.2360898062193,7757.913520976809,15450.981868970312,9
103,103,24,14,81.57386667,0,0,0,0,0,0,1,1342,2757.577757514598,5666.345073576175,11643.358525555948,23925.08680539568,9
104,104,32,3,23.5,1,0,0,0,0,0,0,167,278.6044944985786,464.7931997293919,775.4100266885276,1293.6090929023137,10
105,105,38,1,12.66666667,1,0,0,0,0,0,0,1768,3734.482999549883,7888.214521451961,16661.992662423567,35194.529602061986,10
106,106,40,7,55.99993333,1,0,0,0,0,0,0,325,579.5243614072398,1033.3799552752882,1842.6734112983183,3285.76655989156,10
107,107,80,2,13.0,0,0,0,0,1,0,0,1964,4192.331649804989,8948.902577370975,19102.223781127177,40775.38561062977,10
108,108,32,8,66.49996667,0,0,0,0,0,1,0,3251,7298.248832018003,16384.015999400814,36780.8753095636,82570.2799965001,10
109,109,24,10,87.62956667,0,0,0,0,0,1,0,1279,2615.5173118584075,5348.655831611431,10937.843567437158,22367.567791267367,10
110,110,42,6,54.6666,0,0,1,0,0,0,0,5171,12159.955666127564,28594.956836624944,67242.97184455437,158126.38880070462,10
111,111,31,11,93.59253333,0,0,0,1,0,0,0,7063,17135.158534457736,41570.67223573541,100852.33741233282,244672.34746296797,10
112,112,32,9,83.1666,0,0,0,0,0,0,1,1318,2703.379096091606,5544.960953858162,11373.392664115574,23328.21849758089,10
113,113,35,4,25.66666667,0,0,0,0,0,0,1,1530,3185.3750488832493,6631.773988266632,13806.985223566984,28745.37662186269,10
114,114,32,5,42.66663333,0,0,0,0,0,0,1,70,107.05521894516544,163.7259986199614,250.39603756108315,382.9457517729086,10
115,115,58,1,5.0,1,0,0,0,0,0,0,4679,10893.52287513706,25362.009111163545,59047.15247101831,137472.00388004756,11
116,116,76,5,31.83333333,1,0,0,0,0,0,0,436,800.6360447244283,1470.2249452109538,2699.8052408002,4957.709608992092,11
117,117,19,11,82.48603333,1,0,0,0,0,0,0,2205,4761.562104815888,10282.30098776357,22203.997611630835,47948.16943445066,11
118,118,50,12,89.95833333,1,0,0,0,0,0,0,538,1008.9287629016216,1892.076670279173,3548.2724428620545,6654.189825677922,11
119,119,41,7,55.45833333,0,0,0,0,0,1,0,640,1221.231425700701,2330.322179873382,4446.660434482399,8485.00228439036,11
120,120,39,8,58.74996667,0,0,0,0,0,1,0,2339,5080.813386674908,11036.62448491445,23973.933059708164,52076.56264258792,11
121,121,41,3,17.0,1,0,0,0,0,0,0,1217,2476.393389608699,5039.050304106534,10253.632590793037,20864.443687194867,11
122,122,57,2,9.333333333,0,0,0,1,0,0,0,1482,3075.622462061095,6382.897118174587,13246.546389799456,27490.80676194429,11
123,123,31,9,79.79163333,0,0,0,1,0,0,0,884,1742.1979224566885,3433.5447975253355,6766.871734061777,13336.232892096492,11
124,124,28,4,22.33333333,0,0,0,0,0,0,1,206,350.9570269639541,597.916673666881,1018.6556221471131,1735.4580031498422,11
125,125,25,6,48.6666,0,0,0,0,0,0,1,1550,3231.207647146039,6735.937328370984,14042.07239105083,29272.80754305912,11
126,126,19,10,73.68046667,0,0,0,0,0,0,1,1109,2235.757522996421,4507.314428886459,9086.800850219312,18319.101317266064,11
127,127,49,8,69.58333333,1,0,0,0,0,0,0,1221,2485.3481306157705,5058.931474492462,10297.465915678236,20960.51405701104,12
128,128,22,9,86.55553333,1,0,0,0,0,0,0,1869,3969.814662970246,8432.010946138867,17909.855908136808,38041.09609192384,12
129,129,60,10,79.66663333,1,0,0,0,0,0,0,1546,3222.0363711890304,6715.083038334385,13994.981749720524,29167.102336174743,12
130,130,35,11,86.4722,0,0,0,0,0,1,0,1890,4018.907260273229,8545.828342157061,18171.900301240075,38640.83706540471,12
131,131,54,3,25.0,0,0,0,0,0,1,0,1295,2651.531221516288,5429.048508629843,11116.0553079216,22760.28394521693,12
132,132,40,5,44.66666667,0,0,0,0,0,1,0,8158,20078.99960035769,49419.738287713095,121635.07052326215,299376.13783109287,12
133,133,31,4,35.33333333,0,0,1,0,0,0,0,124,200.80006713708295,325.1666690504595,526.5603949683381,852.6884085594443,12
134,134,32,1,10.0,0,0,0,0,0,0,1,994,1982.0975414409224,3952.425215076602,7881.380585042697,15715.960845848414,12
135,135,21,7,62.5,0,0,0,1,0,0,0,913,1805.1689520935656,3569.1510904737984,7056.868273662864,13952.726732344256,12
136,136,46,2,15.33333333,0,0,0,0,0,0,1,1813,3839.172132447509,8129.753261203268,17215.401083334713,36454.98515611979,12
137,137,25,6,49.29166667,0,0,0,0,0,0,1,2224,4806.71376615845,10388.71278317316,22453.04350159384,48527.58691154023,12
138,138,33,2,12.0,1,0,0,0,0,0,0,340,609.0133443479486,1090.874275276096,1953.9911489677645,3500.0196601739626,13
139,139,40,7,51.5,1,0,0,0,0,0,0,1205,2449.546858008038,4979.485319151072,10122.392214127518,20576.990907585936,13
140,140,42,10,88.6666,1,0,0,0,0,0,0,914,1807.3439735138363,3573.842711812667,7066.918038819442,13974.126617917416,13
141,141,28,12,87.72216667,1,0,0,0,0,0,0,495,920.5888676588002,1712.0886126410317,3184.100438874209,5921.7119546163485,13
142,142,31,1,4.666666667,0,0,0,0,0,1,0,2658,5848.041882186175,12866.664355080346,28308.80061419933,62284.067579494025,13
143,143,30,9,69.1666,0,0,0,0,0,1,0,701,1349.8633927246765,2599.331211152883,5005.338156208235,9638.406198678336,13
144,144,43,4,30.0,0,0,0,1,0,0,0,245,424.7004222709152,736.2059129677284,1276.1916821050563,2212.2414134230467,13
145,145,24,3,21.66666667,0,0,0,0,0,0,1,2036,4361.697587247652,9344.010728193496,20017.558471698307,42883.36762701138,13
146,146,41,5,32.33333333,0,0,0,0,0,0,1,453,835.0414280333827,1539.2807649713686,2837.446375554104,5230.431067132101,13
147,147,42,6,37.66666667,0,0,0,0,0,0,1,945,1874.8865318808628,3719.787838548406,7380.084783014425,14642.13922096574,13
148,148,51,8,56.33333333,0,0,0,0,0,0,1,2857,6331.42205061766,14031.118369985112,31094.48100894304,68908.74438660611,13
149,149,24,11,81.27766667,0,0,0,0,0,0,1,1567,3270.211911696212,6824.68790516897,14242.61370841904,29723.270582616224,13
150,150,31,10,92.55553333,1,0,0,0,0,0,0,1942,4140.703640025569,8828.746979670945,18824.523561065,40137.37035584388,14
151,151,52,2,22.66666667,1,0,0,0,0,0,0,403,734.235790977467,1337.7225725863668,2437.2302510951936,4440.450821853815,14
152,152,44,3,30.33333333,1,0,0,0,0,0,0,1175,2382.54796904156,4831.09346790132,9796.010153360196,19863.373698381954,14
153,153,35,6,60.49993333,1,0,0,0,0,0,0,1994,4262.826622237475,9113.184960509796,19482.410964410898,41650.02012259876,14
154,154,20,7,69.33326667,1,0,0,0,0,0,0,943,1870.5221788531303,3710.342758835055,7359.786237060531,14598.773476182105,14
155,155,47,8,62.0,1,0,0,0,0,0,0,678,1301.225792818007,2497.3282653316346,4792.902584045684,9198.596555788068,14
156,156,55,1,12.33333333,0,0,0,0,0,1,0,1848,3920.777196013082,8318.449037216547,17648.693339456506,37444.04458050266,14
157,157,37,12,90.38883333,0,0,0,0,0,1,0,738,1428.439983389972,2764.8249134785096,5351.47215919434,10358.07154768489,14
158,158,35,4,35.66666667,0,0,0,1,0,0,0,1362,2802.8174863986937,5767.831029414302,11869.44028475432,24425.752411067875,14
159,159,67,5,44.0,0,0,0,1,0,0,0,1160,2349.112350309981,4757.180029636961,9633.750310576024,19509.277443428204,14
160,160,31,11,95.16663333,0,0,0,1,0,0,0,1195,2427.1951509638707,4929.938327081604,10013.324185810385,20338.31958897755,14
161,161,33,9,80.16663333,0,0,0,0,0,0,1,911,1800.8196241330186,3559.7709315725374,7036.778650926566,13909.95508811066,14
162,162,36,8,74.38416667,1,0,0,0,0,0,0,244,422.7939936724824,732.6014798587166,1269.4242026222848,2199.6103618491047,15
163,163,28,6,53.29166667,1,0,0,0,0,0,0,2048,4389.984102548659,9410.136924135708,20171.07006824312,43237.63522020617,15
164,164,61,7,64.5833,1,0,0,0,0,0,0,1668,3502.8024994675907,7355.890497767614,15447.381067979795,32439.523390376427,15
165,165,36,11,90.6434,1,0,0,0,0,0,0,941,1866.1587513595127,3700.901684671297,7339.500602306594,14555.444505422787,15
166,166,30,9,82.3379,0,0,0,0,0,1,0,974,1938.272582503443,3857.1874785262426,7675.852910886041,15275.046452258352,15
167,167,43,10,81.35176667,0,0,0,0,0,1,0,2154,4640.558681593448,9997.578865975993,21538.696100937817,46402.77770724688,15
168,168,20,12,94.5508,0,0,0,0,0,1,0,1929,4110.223617644847,8757.87360655545,18660.87036703611,39761.71597117706,15
169,169,45,1,5.666666667,0,0,1,0,0,0,0,5720,13587.37718832974,32275.667632507528,76668.12414825968,182118.65753917728,15
170,170,37,4,23.33333333,0,0,0,0,0,1,0,130,211.5133031369914,344.1375184916982,559.9204866888196,911.004858720184,15
171,171,35,2,14.33333333,0,0,0,1,0,0,0,980,1951.4107057165857,3885.7181044747936,7737.379498437624,15406.944068819574,15
172,172,36,3,22.66666667,0,0,0,1,0,0,0,346,620.8457445228303,1114.0157181852803,1998.9361790950168,3586.7948565429647,15
173,173,21,5,28.0,0,0,0,0,0,0,1,1514,3148.7520458389918,6548.639000115732,13619.57757534704,28325.41133014318,15
174,174,29,13,94.70356667,0,0,0,0,0,0,1,554,1041.9832584337587,1959.7998390906712,3686.062494970494,6932.8798001801815,15
175,175,41,8,67.5,1,0,0,0,0,0,0,241,417.0794064615188,721.8059389804673,1249.1717535700109,2161.841549989519,16
176,176,16,11,90.99993333,1,0,0,0,0,0,0,1757,3708.932569198612,7829.357315231756,16527.352499918306,34888.35285689984,16
177,177,56,1,12.0,0,0,0,0,0,1,0,391,710.2225104830233,1290.066532984162,2343.310209069416,4256.449257099172,16
178,178,26,5,39.33333333,0,0,0,0,0,1,0,993,1979.904183705446,3947.6541557445344,7871.074500282773,15693.830144377736,16
179,179,18,9,88.16666667,0,0,0,0,0,1,0,837,1640.5822323486234,3215.663155433678,6302.938874578975,12354.22882821228,16
180,180,28,10,83.9999,0,0,0,0,0,1,0,457,843.1557771718175,1555.605392950133,2870.0605559421,5295.203804322837,16
181,181,50,4,27.66666667,1,0,0,0,0,0,0,587,1110.4574225543167,2100.708155546805,3974.0152707791103,7517.844556696525,16
182,182,47,6,44.16666667,1,0,0,0,0,0,0,2355,5119.057438768106,11127.281979366047,24187.344199466694,52575.96783368339,16
183,183,48,2,17.0,0,0,0,1,0,0,0,743,1439.0891377334892,2787.318366544434,5398.653546028462,10456.451785297351,16
184,184,26,12,89.16666667,0,0,0,1,0,0,0,3532,7995.079091953527,18097.760386917416,40966.31531161613,92731.8604253333,16
185,185,52,3,25.0,0,0,0,0,0,0,1,102,161.97955031042886,257.2291639094973,408.488865654784,648.6945369174415,16
186,186,29,7,57.33333333,0,0,0,0,0,0,1,0,0.0,0.0,0.0,0.0,16
187,187,74,3,24.66666667,1,0,0,0,0,0,0,581,1097.9782713084555,2074.967787031846,3921.2900926436446,7410.48419487063,17
188,188,28,6,68.83333333,1,0,0,0,0,0,0,199,337.8612496458904,573.6192161421233,973.88796576218,1653.46233732414,17
189,189,39,7,79.6666,1,0,0,0,0,0,0,1019,2037.002689489933,4072.011734042407,8140.03812941997,16272.109482020662,17
190,190,43,8,82.9583,1,0,0,0,0,0,0,1459,3023.157830704544,6264.210602707461,12979.915926495878,26895.3629027228,17
191,191,24,11,101.4304333,1,0,0,0,0,0,0,5967,14234.153392318678,33955.274475625425,80999.59533506545,193222.8363859661,17
192,192,27,12,101.3193667,1,0,0,0,0,0,0,519,969.804273734944,1812.1778985637009,3386.23867205219,6327.531283319365,17
193,193,41,1,11.66666667,0,0,0,0,0,1,0,720,1390.1630664142965,2684.101876697772,5182.415688164642,10006.1151173507,17
194,194,56,9,83.33326667,1,0,0,0,0,0,0,676,1297.0041495387077,2488.490775030509,4774.530859916221,9160.630676644889,17
195,195,31,4,41.66666667,0,0,0,1,0,0,0,4663,10852.55403815497,25257.9732256216,58784.79934062402,136814.3280004756,17
196,196,25,5,58.66666667,0,0,0,0,0,0,1,1514,3148.7520458389918,6548.639000115732,13619.57757534704,28325.41133014318,17
197,197,27,10,95.70823333,0,0,0,0,0,0,1,787,1533.1060786657588,2986.5492356313803,5817.912055122039,11333.515040470624,17
198,198,57,2,15.66666667,0,0,0,0,0,0,1,3841,8767.761706470174,20013.966503890817,45685.41762754247,104285.04431628836,17
199,199,76,3,10.0,1,0,0,0,0,0,0,1103,2222.455447746592,4478.067286689482,9022.942009681632,18180.495579436538,18
200,200,39,7,70.25,1,0,0,0,0,0,0,998,1990.873177097284,3971.519045376179,7922.636011794032,15804.572673131976,18
201,201,23,9,88.75,1,0,0,0,0,0,0,2337,5076.034715687088,11025.300999084486,23947.287386500804,52014.23282858937,18
202,202,37,10,82.99993333,1,0,0,0,0,0,0,1335,2741.759723023486,5630.896163890496,11564.467645454994,23750.55551199753,18
203,203,33,2,13.66666667,0,0,0,0,0,1,0,3080,6877.107104913785,15355.390302745318,34285.929788874695,76554.54913949511,18
204,204,64,1,6.0,0,0,0,0,0,1,0,663,1269.5940582760643,2431.175072111439,4655.513463320612,8914.95057504685,18
205,205,26,8,81.20833333,0,0,0,0,0,1,0,853,1675.1123258854468,3289.5677659242056,6460.018184683575,12686.114990161275,18
206,206,34,11,91.26386667,0,0,0,0,0,1,0,254,441.892965707823,768.7771383545472,1337.469329275056,2326.843655340971,18
207,207,27,12,93.58333333,0,0,0,0,0,1,0,1020,2039.201720767907,4076.807507826262,8150.424397253761,16294.470054773114,18
208,208,55,5,44.75,1,0,0,0,0,0,0,2528,5534.19906403141,12115.252879875825,26522.239378288225,58061.452667460224,18
209,209,17,4,39.66666667,0,0,0,1,0,0,0,1777,3755.399728902965,7936.424943075093,16772.339943546955,35445.605445731286,18
210,210,46,6,55.25,0,0,0,0,0,0,1,707,1362.57794533473,2626.051848815576,5061.103723481749,9754.099452146678,18
211,211,42,6,49.875,1,0,0,0,0,0,0,739,1430.569238666444,2769.321172691051,5360.900787062924,10377.726329519535,19
212,212,33,5,43.0,1,0,0,0,0,0,0,682,1309.6728126029125,2515.018879869825,4829.69479493921,9274.662706893949,19
213,213,53,8,76.25,1,0,0,0,0,0,0,655,1252.7529381518625,2396.0151512185057,4582.6183519776505,8764.715427280364,19
214,214,25,11,99.49995,1,0,0,0,0,0,0,686,1318.1247881317688,2532.7302581449244,4866.551800163556,9350.90752262807,19
215,215,42,13,101.0,1,0,0,0,0,0,0,1740,3669.477026962827,7738.541178970073,16319.769585308342,34416.67791874456,19
216,216,32,1,5.5,0,0,0,0,0,1,0,787,1533.1060786657588,2986.5492356313803,5817.912055122039,11333.515040470624,19
217,217,51,3,21.25,0,0,0,0,0,1,0,4245,9787.357772224555,22565.92983781489,52028.46378930779,119957.87737224605,19
218,218,76,9,71.625,1,0,0,0,0,0,0,1246,2541.3813970498336,5183.482668756785,10572.396810841668,21563.7982161332,19
219,219,72,4,26.5,0,0,1,0,0,0,0,436,800.6360447244283,1470.2249452109538,2699.8052408002,4957.709608992092,19
220,220,51,7,51.25,0,0,0,0,0,1,0,1190,2416.0262999011547,4905.195867070635,9958.892622696723,20219.282768341884,19
221,221,50,2,14.25,0,0,0,0,0,0,1,586,1108.376674572502,2096.41442446484,3965.216464699941,7499.920544546496,19
222,222,18,10,99.125,0,1,0,0,0,0,0,412,752.2928559812008,1373.6517989328904,2508.224356657617,4579.901127940694,19
223,223,17,12,96.7083,0,0,0,0,0,0,1,211,360.33852860366346,615.373721309256,1050.914034492598,1794.714771933658,19
224,224,68,4,33.5,1,0,0,0,0,0,0,904,1785.6045072964946,3526.972850085788,6966.569267948615,13760.550315533485,20
225,225,14,6,59.375,1,0,0,0,0,0,0,567,1068.9105531100631,2015.1142337743563,3798.9010056502807,7161.702601693142,20
226,226,23,11,90.75,1,0,0,0,0,0,0,684,1313.8981825320402,2523.8719796213395,4848.115214865527,9312.762820932368,20
227,227,26,12,90.625,1,0,0,0,0,0,0,877,1727.0286916884568,3400.944243916919,6697.295653451795,13188.622292168327,20
228,228,25,9,81.875,0,0,0,0,0,1,0,47,69.0728926279167,101.5120105529299,149.185706497159,219.24868694676917,20
229,229,25,3,27.0,0,0,0,0,0,1,0,611,1160.50049828894,2204.192154711745,4186.523885216943,7951.658027647798,20
230,230,52,7,59.625,0,0,0,0,1,0,0,491,912.4091698154756,1695.499986076098,3150.6919240689267,5854.827296912524,20
231,231,21,2,17.5,0,0,1,0,0,0,0,190,321.09161242560003,542.630650368798,917.0218446235228,1549.726435366656,20
232,232,33,10,80.125,0,0,0,0,1,0,0,166,276.76992550052086,461.4553714552036,769.3793299968186,1282.777468944939,20
233,233,39,1,13.25,0,0,0,1,0,0,0,978,1947.030435091772,3876.204003245039,7716.858043908645,15362.942203244238,20
234,234,70,5,41.5,0,0,0,1,0,0,0,2450,5346.661539965687,11668.077397121717,25463.37169980964,55568.991896009255,20
235,235,33,8,56.75,0,0,0,0,0,0,1,65,98.67444498786934,149.7945552871391,227.3983785409717,345.206289133412,20
236,236,71,4,22.08333333,1,0,0,0,0,0,0,2819,6238.850565977472,13807.469451790475,30557.906564036773,67629.0218737592,21
237,237,27,8,76.6666,1,0,0,0,0,0,0,2125,4571.880053231677,9836.276339358894,21162.482632465708,45530.50928199135,21
238,238,26,10,98.99993333,1,0,0,0,0,0,0,1942,4140.703640025569,8828.746979670945,18824.523561065,40137.37035584388,21
239,239,43,2,11.16666667,0,0,0,0,0,1,0,241,417.0794064615188,721.8059389804673,1249.1717535700109,2161.841549989519,21
240,240,22,11,90.3333,0,0,0,0,1,0,0,150,247.5713500530704,408.6104891139991,674.4016695719879,1113.0835454265437,21
241,241,62,1,9.333333333,0,0,0,1,0,0,0,1761,3718.221789272498,7850.751433401905,16576.283385483963,34999.60140207954,21
242,242,31,7,65.58326667,0,0,0,1,0,0,0,802,1565.2791671836808,3054.986123714755,5962.476478162012,11637.082563702874,21
243,243,38,9,76.83333333,0,0,0,1,0,0,0,1847,3918.443463217157,8313.047739268675,17636.279140958046,37415.680950384434,21
244,244,35,12,100.1666667,0,0,0,1,0,0,0,3039,6776.47390207091,15110.430584221149,33693.79351860109,75131.65924335828,21
245,245,15,6,55.83333333,0,1,0,0,0,0,0,147,242.13025991512544,398.8235562351439,656.9200770849662,1082.042374204401,21
246,246,17,13,102.0833333,0,0,0,0,0,0,1,2156,4645.298562249719,10008.719263654575,21564.69814722434,46463.10820902144,21
247,247,37,3,10.16666667,0,0,0,0,0,0,1,1411,2913.934028611294,6017.726097164303,12427.53851834819,25664.79615910157,21
248,248,68,5,34.66666667,0,0,0,0,0,0,1,2128,4578.980414974752,9852.942500339435,21201.33023445801,45620.52439614435,21
249,249,30,2,16.33333333,1,0,0,0,0,0,0,3309,7441.602085463607,16735.400906127594,37636.20256394943,84639.96478960905,22
250,250,46,5,52.0,1,0,0,0,0,0,0,494,918.5433213866372,1707.9389337327814,3175.7406901142926,5904.9704480977125,22
251,251,34,7,63.66666667,1,0,0,0,0,0,0,1449,3000.372829872613,6212.724029149606,12864.381212254788,26637.63965657206,22
252,252,53,4,38.33333333,0,0,0,0,0,1,0,1603,3352.948435965044,7013.264637704566,14669.441483468794,30683.64371707882,22
253,253,27,6,52.25,0,0,0,0,0,1,0,1400,2888.955413532993,5961.473843843982,12301.737238434582,25385.12170773996,22
254,254,27,8,71.08333333,0,0,0,0,0,1,0,1423,2941.205639982207,6079.192281562282,12565.112175029712,25970.891634719905,22
255,255,22,11,86.9722,0,0,0,0,0,1,0,389,706.2273971974437,1282.1520219852837,2327.740065033692,4225.999505092418,22
256,256,72,1,8.666666667,0,0,0,0,0,0,1,2384,5188.440923859647,11291.91242465667,24575.260290573773,53484.59991867267,22
257,257,26,12,86.9166,0,0,1,0,0,0,0,471,871.6115926600571,1612.9655381303614,2984.8820840670705,5523.689654344302,22
258,258,35,10,84.61106667,0,0,0,0,0,0,1,251,436.155239137552,757.8939945304182,1316.969866236371,2288.4593902202137,22
259,259,42,9,77.08333333,0,0,0,1,0,0,0,197,334.1279827982114,566.7081669482321,961.1830287192124,1630.2443984052047,22
260,260,52,3,27.66666667,0,0,0,0,0,0,1,687,1320.2385532940425,2537.161335668041,4875.776144506484,9369.996569445177,22
261,261,21,1,11.5,1,0,0,0,0,0,0,4160,9571.99942139728,22024.801183468684,50678.21735205586,116608.62191618352,23
262,262,60,6,51.0,1,0,0,0,0,0,0,1132,2286.8151964073354,4619.720620600276,9332.55063458042,18853.19665406307,23
263,263,64,8,69.66666667,1,0,0,0,0,0,0,666,1275.9147324771377,2444.381988817122,4682.917404404701,8971.476437317639,23
264,264,32,7,58.0,0,0,0,0,0,1,0,1979,4227.565777833325,9030.981508796089,19292.10124650425,41212.03992532435,23
265,265,30,11,93.833275,0,0,0,0,0,1,0,3294,7404.5036973179485,16644.406497751992,37414.56267524818,84103.29922963229,23
266,266,16,13,100.5416333,0,0,0,0,0,1,0,357,642.5915905260846,1156.6497260919962,2081.942260983238,3747.447027643389,23
267,267,32,5,41.25,0,0,1,0,0,0,0,2165,4666.633461355968,10058.876610922463,21681.796848120877,46734.8723666342,23
268,268,66,2,16.25,0,0,0,0,1,0,0,5363,12657.51867029655,29873.7234549516,70506.65903082711,166406.7412013659,23
269,269,29,12,100.2498833,0,0,0,0,0,1,0,397,722.2200773759189,1313.8585394581298,2390.163768333658,4348.171943846473,23
270,270,57,3,26.25,0,0,0,1,0,0,0,1229,2503.266406190867,5098.732872549821,10385.261768913771,21153.032469991987,23
271,271,48,4,26.16666667,0,0,0,1,0,0,0,3672,8344.35821756005,18961.959167473266,43089.70038130273,97918.27218652594,23
272,272,32,10,94.0,0,0,0,1,0,0,0,966,1920.76767844544,3819.201319420992,7593.994256542463,15099.688114148084,23
273,273,36,9,82.45833333,0,0,0,0,0,0,1,9391,23441.37187538272,58513.24836545444,146058.01454278003,364583.1364367327,23
274,274,66,2,17.5,1,0,0,0,0,0,0,1295,2651.531221516288,5429.048508629843,11116.0553079216,22760.28394521693,24
275,275,64,3,23.5,1,0,0,0,0,0,0,67,102.0192867638687,155.34231151952935,236.53599739512077,360.1676678840373,24
276,276,30,5,49.25,1,0,0,0,0,0,0,1252,2554.846204329938,5213.44978257115,10638.628105804024,21709.31200909837,24
277,277,47,6,56.875,0,0,0,0,0,1,0,999,1993.06763619478,3976.294897344386,7932.957629493033,15826.747858505503,24
278,278,29,8,56.875,0,0,0,0,0,1,0,55,82.11054948483415,122.5844061218435,183.008598998848,273.21702953172843,24
279,279,20,9,79.125,0,0,0,0,0,1,0,1586,3313.854997205977,6924.107782160785,14467.521547986324,30229.047023316238,24
280,280,40,11,78.208325,0,0,0,0,0,1,0,834,1634.1151474204262,3201.837308188102,6273.586144947267,12292.280753123776,24
281,281,32,12,87.91665,0,0,0,0,0,1,0,334,597.2018074938305,1067.8143678859217,1909.2834448184265,3413.854863064701,24
282,282,46,1,9.75,1,0,0,0,0,0,0,822,1608.2701422844686,3146.633638155354,6156.492614298305,12045.381086095866,24
283,283,45,4,35.0,0,0,0,1,0,0,0,593,1122.9493360535012,2126.501199566605,4026.902378027476,7625.644775308959,24
284,284,20,10,89.7083,0,0,0,1,0,0,0,481,891.989175232087,1654.1469620191633,3067.528449821488,5688.57000406908,24
285,285,36,7,50.875,0,0,0,0,0,0,1,88,137.69904852264557,215.4662268641123,337.15334577219045,527.5647149892853,24
286,286,21,4,35.83333333,1,0,0,0,0,0,0,1978,4225.216002772143,9025.505697715762,19279.429275581293,41182.88832128397,25
287,287,31,11,83.80550833,1,0,0,0,0,0,0,4068,9339.401340713628,21441.597198358744,49226.07709473777,113014.27984677126,25
288,288,23,13,91.75,1,0,0,0,0,0,0,279,489.96451004573066,860.448821162554,1511.0730648040765,2653.663705519817,25
289,289,43,3,27.0,0,0,0,0,0,1,0,2438,5317.862102018853,11599.53131094681,25301.35683333269,55188.32101461665,25
290,290,33,6,54.16666667,0,0,0,0,0,1,0,1259,2570.5633017921905,5248.447727180904,10716.018362879951,21879.43093324098,25
291,291,43,8,60.75,0,0,0,0,0,1,0,8398,20729.721016267125,51169.48480736676,126307.35229850348,311778.5395869657,25
292,292,22,9,73.58333333,0,0,0,0,0,1,0,84,130.82996182444748,203.76760608317105,317.36795386809905,494.3004439150759,25
293,293,68,1,10.33333333,0,0,0,0,1,0,0,311,552.1237485993213,980.1949638822064,1740.1572920154986,3089.331727395626,25
294,294,31,12,88.83333333,0,0,0,1,0,0,0,2391,5205.201349716633,11331.71103767955,24669.108150534696,53704.59014699647,25
295,295,47,2,12.5,0,0,0,1,0,0,0,2011,4302.820981330383,9206.498457174006,19698.61498066341,42147.99295969535,25
296,296,43,5,40.5,0,0,0,1,0,0,0,2704,5959.466131997769,13134.33305415251,28947.34208676061,63798.33756560769,25
297,297,39,10,78.375,0,0,0,0,0,0,1,569,1073.0587321639048,2023.6468236787432,3816.330219620782,7197.093966581839,25
298,298,36,7,56.5,0,0,0,0,0,0,1,1656,3475.0924725122586,7292.432181468202,15303.065326163223,32113.26516987505,25
299,299,27,1,6.333333333,0,0,0,0,0,1,0,266,464.910976866439,812.5647233492718,1420.188944735029,2482.185825683003,26
300,300,44,2,6.0,0,0,0,0,0,1,0,3394,7652.142021010426,17252.5861843587,38897.83138256781,87699.39011453291,26
301,301,71,3,13.04166667,0,0,0,0,0,1,0,4050,9293.954147845512,21327.798445001143,48943.10637588432,112314.81148409712,26
302,302,21,4,15.41666667,0,0,0,0,0,1,0,35,49.9430255960178,71.26588016241392,101.69239077354788,145.10930500924405,26
303,303,37,5,22.125,0,0,0,0,0,1,0,1619,3389.780161122861,7097.3499325152015,14860.071647799075,31113.265018266546,26
304,304,29,6,23.5,0,0,0,0,0,1,0,96,151.52990687977484,239.18034040617928,377.5309865543874,595.9087003834978,26
305,305,25,7,25.66666667,0,0,0,0,0,1,0,1664,3493.5636015867003,7334.72754707417,15399.241097363954,32330.66597945232,26
306,306,47,8,34.0,0,0,0,0,0,1,0,3720,8464.420568798821,19259.789130511945,43823.375071783135,99714.91326660916,26
307,307,30,9,34.875,0,0,0,0,0,1,0,1073,2156.0542992524406,4332.311408504124,8705.217742782585,17492.00572251164,26
308,308,28,10,37.16666667,0,0,0,0,0,1,0,1018,2034.803874004276,4067.216901436938,8129.654918919007,16249.757685004211,26
309,309,39,9,73.0,1,0,0,0,0,0,0,289,509.3163605235399,897.5887719617443,1581.8569085894435,2787.770254504472,27
310,310,27,11,78.16666667,1,0,0,0,0,0,0,2569,5633.009902406756,12351.421004520244,27082.78584167277,59384.04080611285,27
311,311,52,3,20.66666667,1,0,0,0,0,0,0,520,971.859933493805,1816.368712174196,3394.723030411235,6344.6063433948975,27
312,312,58,6,50.5,1,0,0,0,0,0,0,1108,2233.540009592798,4502.437702573816,9076.150495846294,18295.9794815507,27
313,313,17,12,81.83333333,1,0,0,0,0,0,0,246,426.60762916434766,739.8132896797779,1282.967453392548,2224.893104011443,27
314,314,46,2,12.16666667,0,0,0,0,0,1,0,29,40.61044960745049,56.86926266618188,79.63745950751189,111.52113917914444,27
315,315,50,5,47.33333333,0,0,0,0,0,1,0,856,1681.5939691764545,3303.455931274086,6489.569592839593,12748.62276853965,27
316,316,36,7,57.66666667,0,0,0,0,0,1,0,1582,3304.662612662546,6903.157385290536,14420.10500663399,30122.365288300425,27
317,317,34,1,5.833333333,1,0,0,0,0,0,0,352,632.6986820904796,1137.237563406333,2044.1156465652705,3674.174078472652,27
318,318,38,13,67.16666667,0,0,0,0,0,0,1,382,692.2607350920747,1254.5155113880078,2273.4341102038543,4119.919288777787,27
319,319,25,4,34.0,0,0,0,1,0,0,0,2642,5809.330632117557,12773.778347183692,28087.47230892286,61759.80819946213,27
320,320,21,10,79.5,0,1,0,0,0,0,0,311,552.1237485993213,980.1949638822064,1740.1572920154986,3089.331727395626,27
321,321,32,8,50.0,0,0,0,0,0,0,1,4,4.59479341998814,5.278031643091577,6.062866266041593,6.964404506368992,27
